6.101562500000000000e+01
1.235937500000000000e+02
6.101562500000000000e+01
1.454687500000000000e+02
6.210937500000000000e+01
1.673437500000000000e+02
6.757812500000000000e+01
1.892187500000000000e+02
7.632812500000000000e+01
2.064062500000000000e+02
8.726562500000000000e+01
2.204687500000000000e+02
1.003906250000000000e+02
2.298437500000000000e+02
1.146093750000000000e+02
2.345312500000000000e+02
1.288281250000000000e+02
2.360937500000000000e+02
1.441406250000000000e+02
2.345312500000000000e+02
1.583593750000000000e+02
2.314062500000000000e+02
1.703906250000000000e+02
2.204687500000000000e+02
1.802343750000000000e+02
2.064062500000000000e+02
1.878906250000000000e+02
1.892187500000000000e+02
1.911718750000000000e+02
1.673437500000000000e+02
1.911718750000000000e+02
1.454687500000000000e+02
1.911718750000000000e+02
1.235937500000000000e+02
7.414062500000000000e+01
1.095312500000000000e+02
8.343750000000000000e+01
1.025000000000000000e+02
9.328125000000000000e+01
1.025000000000000000e+02
1.036718750000000000e+02
1.040625000000000000e+02
1.146093750000000000e+02
1.087500000000000000e+02
1.452343750000000000e+02
1.071875000000000000e+02
1.550781250000000000e+02
1.056250000000000000e+02
1.638281250000000000e+02
1.040625000000000000e+02
1.731250000000000000e+02
1.040625000000000000e+02
1.824218750000000000e+02
1.095312500000000000e+02
1.299218750000000000e+02
1.204687500000000000e+02
1.299218750000000000e+02
1.345312500000000000e+02
1.310156250000000000e+02
1.470312500000000000e+02
1.310156250000000000e+02
1.595312500000000000e+02
1.102343750000000000e+02
1.657812500000000000e+02
1.211718750000000000e+02
1.673437500000000000e+02
1.310156250000000000e+02
1.704687500000000000e+02
1.397656250000000000e+02
1.673437500000000000e+02
1.463281250000000000e+02
1.657812500000000000e+02
8.289062500000000000e+01
1.204687500000000000e+02
8.835937500000000000e+01
1.157812500000000000e+02
1.036718750000000000e+02
1.173437500000000000e+02
1.102343750000000000e+02
1.235937500000000000e+02
1.025781250000000000e+02
1.251562500000000000e+02
8.835937500000000000e+01
1.235937500000000000e+02
1.474218750000000000e+02
1.220312500000000000e+02
1.539843750000000000e+02
1.157812500000000000e+02
1.671093750000000000e+02
1.173437500000000000e+02
1.725781250000000000e+02
1.220312500000000000e+02
1.671093750000000000e+02
1.251562500000000000e+02
1.539843750000000000e+02
1.251562500000000000e+02
1.003906250000000000e+02
1.892187500000000000e+02
1.124218750000000000e+02
1.845312500000000000e+02
1.255468750000000000e+02
1.829687500000000000e+02
1.299218750000000000e+02
1.829687500000000000e+02
1.342968750000000000e+02
1.829687500000000000e+02
1.463281250000000000e+02
1.845312500000000000e+02
1.572656250000000000e+02
1.907812500000000000e+02
1.485156250000000000e+02
1.970312500000000000e+02
1.397656250000000000e+02
2.001562500000000000e+02
1.299218750000000000e+02
2.017187500000000000e+02
1.189843750000000000e+02
2.017187500000000000e+02
1.091406250000000000e+02
1.970312500000000000e+02
1.025781250000000000e+02
1.892187500000000000e+02
1.167968750000000000e+02
1.892187500000000000e+02
1.299218750000000000e+02
1.892187500000000000e+02
1.419531250000000000e+02
1.892187500000000000e+02
1.550781250000000000e+02
1.907812500000000000e+02
1.419531250000000000e+02
1.892187500000000000e+02
1.299218750000000000e+02
1.892187500000000000e+02
1.157031250000000000e+02
1.892187500000000000e+02
